# Z name symbol mass group period valence octet hypervalentoctet atomicradius covalentradius vdwradius electronegativity
  1   Hydrogen         H      1.007970   1  1   1   2   2  0.78  0.30  1.20  2.20
  2   Helium           He     4.002602  18  1   2   2   2  1.28  0.00  1.22  0.00
  3   Lithium          Li     6.941000   1  2   1   2   2  1.52  1.23  0.00  0.98
  4   Beryllium        Be     9.012182   2  2   2   4   4  1.13  0.89  0.00  1.57
  5   Boron            B     10.811000  13  2   3   6   6  0.83  0.88  2.08  2.04
  6   Carbon           C     12.011000  14  2   4   8   8  0.77  0.77  1.85  2.55
  7   Nitrogen         N     14.006740  15  2   5   8   8  0.71  0.70  1.54  3.04
  8   Oxygen           O     15.999400  16  2   6   8   8  0.60  0.66  1.40  3.44
  9   Fluorine         F     18.998403  17  2   7   8   8  0.71  0.58  1.35  3.98
 10   Neon             Ne    20.179700  18  2   8   8   8  0.00  0.00  1.60  0.00
 11   Sodium           Na    22.989768   1  3   1   2   2  1.54  0.00  2.31  0.93
 12   Magnesium        Mg    24.305060   2  3   2   4   4  1.60  1.36  0.00  1.31
 13   Aluminum         Al    26.981539  13  3   3   6   6  1.43  1.25  2.05  1.61
 14   Silicon          Si    28.085500  14  3   4   8   8  1.17  1.17  2.00  1.90
 15   Phosphorus       P     30.973762  15  3   5   8  10  1.15  1.10  1.90  2.19
 16   Sulfur           S     32.066000  16  3   6   8  12  1.04  1.04  1.85  2.58
 17   Chlorine         Cl    35.452700  17  3   7   8   8  0.00  0.99  1.81  3.16
 18   Argon            Ar    39.948000  18  3   8   8   8  1.74  0.00  1.91  0.00
 19   Potassium        K     39.098300   1  4   1   2   2  2.27  2.03  2.31  0.82
 20   Calcium          Ca    40.078000   2  4   2   4   4  1.97  1.74  0.00  1.00
 21   Scandium         Sc    44.955910   3  4   3   8   8  1.61  1.44  0.00  1.36
 22   Titanium         Ti    47.867000   4  4   4   8   8  1.45  1.32  0.00  1.54
 23   Vanadium         V     50.941500   5  4   5   8   8  1.32  0.00  0.00  1.63
 24   Chromium         Cr    51.996100   6  4   6   8   8  1.25  0.00  0.00  1.66
 25   Manganese        Mn    54.938050   7  4   7   8   8  1.24  1.77  0.00  1.55
 26   Iron             Fe    55.845000   8  4   8   8   8  1.24  1.16  0.00  1.83
 27   Cobalt           Co    58.933200   9  4   9   8   8  1.25  1.16  0.00  1.88
 28   Nickel           Ni    58.693400  10  4  10   8   8  1.25  1.15  0.00  1.91
 29   Copper           Cu    63.546000  11  4  11   8   8  1.28  1.17  0.00  1.90
 30   Zinc             Zn    65.390000  12  4  12   8   8  1.33  1.25  0.00  1.65
 31   Gallium          Ga    69.723000  13  4   3   6   6  1.22  1.25  0.00  1.81
 32   Germanium        Ge    72.610000  14  4   4   8   8  1.23  1.22  0.00  2.01
 33   Arsenic          As    74.921590  15  4   5   8   8  1.25  1.21  2.00  2.18
 34   Selenium         Se    78.960000  16  4   6   8   8  2.15  1.17  2.00  2.55
 35   Bromine          Br    79.904000  17  4   7   8  12  0.00  1.14  1.95  2.96
 36   Krypton          Kr    83.800000  18  4   8   8   8  0.00  1.89  1.98  0.00
 37   Rubidium         Rb    85.467800   1  5   1   2   2  1.48  0.00  2.44  0.82
 38   Strontium        Sr    87.620000   2  5   2   4   4  2.15  1.92  0.00  0.95
 39   Yttrium          Y     88.905850   3  5   3   8   8  1.81  1.62  0.00  1.22
 40   Zirconium        Zr    91.224000   4  5   4   8   8  1.60  1.45  0.00  1.30
 41   Niobium          Nb    92.906380   5  5   5   8   8  1.43  1.34  0.00  1.60
 42   Molybdenum       Mo    95.940000   6  5   6   8   8  1.36  1.29  0.00  2.16
 43   Technetium       Tc    98.907200   7  5   7   8   8  1.36  0.00  0.00  1.90
 44   Ruthenium        Ru   101.070000   8  5   8   8   8  1.34  1.24  0.00  2.20
 45   Rhodium          Rh   102.905500   9  5   9   8   8  1.34  1.25  0.00  2.28
 46   Palladium        Pd   106.420000  10  5  10   8   8  1.38  1.28  0.00  2.20
 47   Silver           Ag   107.868200  11  5  11   8   8  1.44  1.34  0.00  1.93
 48   Cadmium          Cd   112.411000  12  5  12   8   8  1.49  1.41  0.00  1.69
 49   Indium           In   114.818000  13  5   3   6   6  1.63  1.50  0.00  1.78
 50   Tin              Sn   118.710000  14  5   4   8   8  1.41  1.40  2.00  1.96
 51   Antimony         Sb   121.760000  15  5   5   8   8  1.82  1.41  2.20  2.05
 52   Tellurium        Te   127.600000  16  5   6   8   8  1.43  1.37  2.20  2.10
 53   Iodine           I    126.904470  17  5   7   8   8  0.00  1.33  2.15  2.66
 54   Xenon            Xe   131.290000  18  5   8   8   8  2.18  2.09  2.16  2.60
 55   Caesium          Cs   132.905430   1  6   1   2   2  2.65  2.35  2.62  0.79
 56   Barium           Ba   137.327000   2  6   2   4   4  2.17  1.98  0.00  0.89
 57   Lanthanum        La   138.905500   3  6   3   8   8  1.88  1.69  0.00  1.10
 58   Cerium           Ce   140.115000   0  6   0   8   8  1.82  1.65  0.00  1.12
 59   Praseodymium     Pr   140.907650   0  6   0   8   8  1.83  1.65  0.00  1.13
 60   Neodymium        Nd   144.240000   0  6   0   8   8  1.82  1.64  0.00  1.14
 61   Promethium       Pm   144.912700   0  6   0   8   8  1.81  0.00  0.00  0.94
 62   Samarium         Sm   150.360000   0  6   0   8   8  1.80  1.66  0.00  1.17
 63   Europium         Eu   151.965000   0  6   0   8   8  2.04  1.85  0.00  1.20
 64   Gadolinium       Gd   157.250000   0  6   0   8   8  1.80  1.61  0.00  0.94
 65   Terbium          Tb   158.925340   0  6   0   8   8  1.78  1.59  0.00  1.22
 66   Dysprosium       Dy   162.500000   0  6   0   8   8  1.77  1.59  0.00  1.23
 67   Holmium          Ho   164.930320   0  6   0   8   8  1.77  1.58  0.00  1.24
 68   Erbium           Er   167.260000   0  6   0   8   8  1.76  1.57  0.00  1.25
 69   Thulium          Tm   168.934210   0  6   0   8   8  1.75  1.56  0.00  0.96
 70   Ytterbium        Yb   173.040000   0  6   0   8   8  1.94  1.70  0.00  1.27
 71   Lutetium         Lu   174.967000   3  6   3   8   8  1.72  1.56  0.00  1.30
 72   Hafnium          Hf   178.490000   4  6   4   8   8  1.56  1.44  0.00  1.50
 73   Tantalum         Ta   180.947900   5  6   5   8   8  1.43  1.34  0.00  2.36
 74   Tungsten         W    183.840000   6  6   6   8   8  1.37  1.30  0.00  1.90
 75   Rhenium          Re   186.207000   7  6   7   8   8  1.37  1.28  0.00  2.20
 76   Osmium           Os   190.230000   8  6   8   8   8  1.35  1.26  0.00  2.20
 77   Iridium          Ir   192.217000   9  6   9   8   8  1.36  1.26  0.00  2.28
 78   Platinum         Pt   195.080000  10  6  10   8   8  1.38  1.29  0.00  2.54
 79   Gold             Au   196.966540  11  6  11   8   8  1.44  1.34  0.00  2.00
 80   Mercury          Hg   200.590000  12  6  12   8   8  1.60  1.44  0.00  1.80
 81   Thallium         Tl   204.383300  13  6   3   6   6  1.70  1.55  0.00  2.33
 82   Lead             Pb   207.200000  14  6   4   8   8  1.75  1.54  0.00  2.02
 83   Bismuth          Bi   208.980370  15  6   5   8   8  1.55  1.52  2.40  2.00
 84   Polonium         Po   208.982400  16  6   6   8   8  1.67  1.53  0.00  2.20
 85   Astatine         At   209.987100  17  6   7   8   8  0.00  0.00  0.00  1.96
 86   Radon            Rn   222.017600  18  6   8   8   8  0.00  0.00  0.00  0.70
 87   Francium         Fr   223.019700   1  7   1   2   2  2.70  0.00  0.00  0.70
 88   Radium           Ra   226.025400   2  7   2   4   4  2.23  0.00  0.00  0.89
 89   Actinium         Ac   227.027800   3  7   3   8   8  1.88  0.00  0.00  1.30
 90   Thorium          Th   232.038100   0  7   0   8   8  1.80  0.00  0.00  0.00
 91   Protactinium     Pa   231.035880   0  7   0   8   8  1.61  0.00  0.00  1.38
 92   Uranium          U    238.028900   0  7   0   8   8  1.54  0.00  0.00  1.26
 93   Neptunium        Np   237.048200   0  7   0   8   8  1.50  0.00  0.00  1.28
 94   Plutonium        Pu   244.064200   7  0   7   8   8  0.00  0.00  0.00  1.30
 95   Americium        Am   243.061400   0  7   0   8   8  1.73  0.00  0.00  1.30
 96   Curium           Cm   247.070300   0  7   0   8   8  1.74  0.00  0.00  1.30
 97   Berkelium        Bk   247.070300   0  7   0   8   8  1.70  0.00  0.00  1.30
 98   Californium      Cf   251.079600   0  7   0   8   8  1.69  0.00  0.00  1.30
 99   Einsteinium      Es   252.083000   0  7   0   8   8  2.03  0.00  0.00  1.30
100   Fermium          Fm   257.095100   0  7   0   8   8  0.00  0.00  0.00  1.30
101   Mendelevium      Md   258.100000   0  7   0   8   8  0.00  0.00  0.00  1.30
102   Nobelium         No   259.100900   0  7   0   8   8  0.00  0.00  0.00  0.00
103   Lawrencium       Lr   262.110000   3  7   3   8   8  0.00  0.00  0.00  0.00
104   Dubnium          Db   261.110000   4  7   4   8   8  0.00  0.00  0.00  0.00
105   Joliotium        Jl   262.114000   5  7   5   8   8  0.00  0.00  0.00  0.00
106   Rutherfordium    Rf   263.118000   6  7   6   8   8  0.00  0.00  0.00  0.00
107   Bohrium          Bh   262.120000   7  7   7   8   8  0.00  0.00  0.00  0.00
108   Hahnium          Hn     0.000000   8  7   8   8   8  0.00  0.00  0.00  0.00
109   Meitnerium       Mt     0.000000   9  7   9   8   8  0.00  0.00  0.00  0.00
